4.020999968051910400e-01 8.133000135421752930e-01 1.940217316150665283e-01 8.022649288177490234e-01
1.836999952793121338e-01 9.541000127792358398e-01 1.973773539066314697e-01 8.621524572372436523e-01
4.638999998569488525e-01 8.630999922752380371e-01 2.426092177629470825e-01 7.893814444541931152e-01
3.174999952316284180e-01 7.330999970436096191e-01 1.918849647045135498e-01 8.703476786613464355e-01
1.625000089406967163e-01 9.341000318527221680e-01 1.831355392932891846e-01 8.871239423751831055e-01
2.870999872684478760e-01 7.189000248908996582e-01 1.931237876415252686e-01 8.429718613624572754e-01
3.795000016689300537e-01 7.732999920845031738e-01 2.239183634519577026e-01 8.125580549240112305e-01
4.611000120639801025e-01 9.456999897956848145e-01 2.394803315401077271e-01 7.939295768737792969e-01
4.271000027656555176e-01 6.765000224113464355e-01 2.361196577548980713e-01 7.945361733436584473e-01
2.563000023365020752e-01 7.736999988555908203e-01 2.344891279935836792e-01 8.003054857254028320e-01
3.510999977588653564e-01 9.815000295639038086e-01 2.069678902626037598e-01 8.428507447242736816e-01
1.843000054359436035e-01 7.267000079154968262e-01 2.429795563220977783e-01 7.983310222625732422e-01
4.424999952316284180e-01 7.034999728202819824e-01 2.205430120229721069e-01 8.239084482192993164e-01
4.415000081062316895e-01 6.739000082015991211e-01 2.643002867698669434e-01 7.982373833656311035e-01
4.598999917507171631e-01 7.010999917984008789e-01 1.860962957143783569e-01 8.491010069847106934e-01
2.265000045299530029e-01 8.544999957084655762e-01 2.193772792816162109e-01 8.010606765747070312e-01
3.691000044345855713e-01 7.840999960899353027e-01 2.153905928134918213e-01 8.612928986549377441e-01
4.747000038623809814e-01 6.126999855041503906e-01 2.727966606616973877e-01 8.039794564247131348e-01
2.985000014305114746e-01 7.493000030517578125e-01 2.092575430870056152e-01 8.717287182807922363e-01
2.655000090599060059e-01 7.138999700546264648e-01 2.069877982139587402e-01 8.091877102851867676e-01
2.338999956846237183e-01 7.348999977111816406e-01 2.145705968141555786e-01 8.323491215705871582e-01
1.843000054359436035e-01 7.267000079154968262e-01 2.262613773345947266e-01 7.949721217155456543e-01
4.205000102519989014e-01 9.233000278472900391e-01 2.243454009294509888e-01 8.416445255279541016e-01
1.375000029802322388e-01 9.807000160217285156e-01 2.532772719860076904e-01 8.050332069396972656e-01
1.375000029802322388e-01 9.807000160217285156e-01 2.396492213010787964e-01 8.023508191108703613e-01
4.611000120639801025e-01 9.456999897956848145e-01 2.429307252168655396e-01 7.965479493141174316e-01
4.016999900341033936e-01 7.832999825477600098e-01 2.104973196983337402e-01 8.510453701019287109e-01
1.498999893665313721e-01 6.010999679565429688e-01 2.503466010093688965e-01 7.831305861473083496e-01
4.205000102519989014e-01 9.233000278472900391e-01 1.948573291301727295e-01 8.331286907196044922e-01
2.870999872684478760e-01 7.189000248908996582e-01 2.093805521726608276e-01 8.355932831764221191e-01
4.877000153064727783e-01 8.928999900817871094e-01 2.108090519905090332e-01 8.398394584655761719e-01
1.787000000476837158e-01 6.632999777793884277e-01 2.560652196407318115e-01 8.031573295593261719e-01
2.953000068664550781e-01 6.626999974250793457e-01 2.021201401948928833e-01 7.831640243530273438e-01
2.599000036716461182e-01 6.933000087738037109e-01 1.974311321973800659e-01 7.993767261505126953e-01
4.631000161170959473e-01 8.076999783515930176e-01 2.559441626071929932e-01 7.953934669494628906e-01
1.498999893665313721e-01 6.010999679565429688e-01 2.537848949432373047e-01 7.862262725830078125e-01
2.126999944448471069e-01 8.246999979019165039e-01 2.240300625562667847e-01 8.400426506996154785e-01
3.501000106334686279e-01 8.159000277519226074e-01 2.280814051628112793e-01 7.992419004440307617e-01
3.795000016689300537e-01 7.732999920845031738e-01 2.207945883274078369e-01 8.157927393913269043e-01
4.631000161170959473e-01 8.076999783515930176e-01 2.581643760204315186e-01 7.933831810951232910e-01
1.702999919652938843e-01 8.913000226020812988e-01 2.446786612272262573e-01 8.017652034759521484e-01
3.165000081062316895e-01 7.494999766349792480e-01 2.319784313440322876e-01 8.243235349655151367e-01
4.417000114917755127e-01 8.252999782562255859e-01 2.181583642959594727e-01 8.123720288276672363e-01
2.229000031948089600e-01 9.591000080108642578e-01 2.573557794094085693e-01 7.970207333564758301e-01
4.719000160694122314e-01 8.973000049591064453e-01 2.643878757953643799e-01 7.986033558845520020e-01
1.375000029802322388e-01 9.807000160217285156e-01 2.240823656320571899e-01 8.034847974777221680e-01
2.926999926567077637e-01 8.414999842643737793e-01 1.720466464757919312e-01 8.064957857131958008e-01
3.467000126838684082e-01 6.347000002861022949e-01 2.469202578067779541e-01 7.937156558036804199e-01
4.485000073909759521e-01 6.225000023841857910e-01 2.298111170530319214e-01 8.111423254013061523e-01
3.147000074386596680e-01 9.473000168800354004e-01 2.008363455533981323e-01 8.409892916679382324e-01
3.091000020503997803e-01 9.284999966621398926e-01 2.175867557525634766e-01 8.186778426170349121e-01
1.838999986648559570e-01 6.844999790191650391e-01 1.805805116891860962e-01 8.334631323814392090e-01
4.657000005245208740e-01 6.898999810218811035e-01 2.266660183668136597e-01 8.202969431877136230e-01
2.940999865531921387e-01 8.562999963760375977e-01 2.384774535894393921e-01 7.924588918685913086e-01
2.685000002384185791e-01 9.627000093460083008e-01 2.667659223079681396e-01 8.014088273048400879e-01
3.091000020503997803e-01 9.284999966621398926e-01 2.323609888553619385e-01 8.242030739784240723e-01
3.192999958992004395e-01 6.959000229835510254e-01 2.487085610628128052e-01 8.174328207969665527e-01
1.590999960899353027e-01 9.893000125885009766e-01 2.381967008113861084e-01 8.198986649513244629e-01
3.628999888896942139e-01 8.919000029563903809e-01 2.152024805545806885e-01 8.456473350524902344e-01
3.043000102043151855e-01 9.790999889373779297e-01 1.985799223184585571e-01 7.961081862449645996e-01
3.691000044345855713e-01 7.840999960899353027e-01 2.128767520189285278e-01 8.492029309272766113e-01
1.590999960899353027e-01 9.893000125885009766e-01 2.167921513319015503e-01 8.147920370101928711e-01
1.843000054359436035e-01 7.267000079154968262e-01 2.451722472906112671e-01 7.977976202964782715e-01
2.714999914169311523e-01 7.272999882698059082e-01 1.492701470851898193e-01 7.927970886230468750e-01
4.747000038623809814e-01 6.126999855041503906e-01 2.753137946128845215e-01 8.040852546691894531e-01
3.174999952316284180e-01 7.330999970436096191e-01 1.879903972148895264e-01 8.756640553474426270e-01
2.763000130653381348e-01 7.106999754905700684e-01 2.590685784816741943e-01 7.962949275970458984e-01
3.510999977588653564e-01 9.815000295639038086e-01 1.579991430044174194e-01 8.513087034225463867e-01
4.945000112056732178e-01 6.043000221252441406e-01 2.238954156637191772e-01 8.328383564949035645e-01
2.169000059366226196e-01 7.968999743461608887e-01 2.183138579130172729e-01 8.067458271980285645e-01
4.807000160217285156e-01 7.032999992370605469e-01 2.231562435626983643e-01 8.289018273353576660e-01
4.417000114917755127e-01 8.252999782562255859e-01 2.087929397821426392e-01 8.118740916252136230e-01
3.052999973297119141e-01 8.594999909400939941e-01 2.304394990205764771e-01 7.974987626075744629e-01
3.147000074386596680e-01 9.473000168800354004e-01 2.180639654397964478e-01 8.472732901573181152e-01
2.480999976396560669e-01 7.052999734878540039e-01 2.597336769104003906e-01 7.968997359275817871e-01
2.169000059366226196e-01 7.968999743461608887e-01 2.105220407247543335e-01 8.016497492790222168e-01
4.977000057697296143e-01 8.765000104904174805e-01 1.973360627889633179e-01 8.256750702857971191e-01
4.016999900341033936e-01 7.832999825477600098e-01 1.971463859081268311e-01 8.575853109359741211e-01
4.271000027656555176e-01 6.765000224113464355e-01 2.360776811838150024e-01 7.953323721885681152e-01
3.192999958992004395e-01 6.959000229835510254e-01 2.603984177112579346e-01 8.190099000930786133e-01
4.205000102519989014e-01 9.233000278472900391e-01 2.084702104330062866e-01 8.385686278343200684e-01
1.787000000476837158e-01 6.632999777793884277e-01 2.416630536317825317e-01 8.009855747222900391e-01
2.953000068664550781e-01 6.626999974250793457e-01 1.935659795999526978e-01 7.854153513908386230e-01
3.165000081062316895e-01 7.494999766349792480e-01 2.398687303066253662e-01 8.271298408508300781e-01
2.265000045299530029e-01 8.544999957084655762e-01 2.242361754179000854e-01 8.052729964256286621e-01
3.628999888896942139e-01 8.919000029563903809e-01 2.098260968923568726e-01 8.477215766906738281e-01
2.338999956846237183e-01 7.348999977111816406e-01 2.109811902046203613e-01 8.330442905426025391e-01
2.480999976396560669e-01 7.052999734878540039e-01 2.633482515811920166e-01 7.958621382713317871e-01
2.851000130176544189e-01 7.091000080108642578e-01 2.401828914880752563e-01 8.206099271774291992e-01
3.691000044345855713e-01 7.840999960899353027e-01 2.181946635246276855e-01 8.511619567871093750e-01
1.260999888181686401e-01 9.506999850273132324e-01 2.258644104003906250e-01 8.282178640365600586e-01
3.425000011920928955e-01 7.028999924659729004e-01 1.885567307472229004e-01 8.528647422790527344e-01
2.480999976396560669e-01 7.052999734878540039e-01 2.488063871860504150e-01 7.936810255050659180e-01
3.147000074386596680e-01 9.473000168800354004e-01 2.222541123628616333e-01 8.421584367752075195e-01
4.365000128746032715e-01 9.509000182151794434e-01 1.949232965707778931e-01 8.082380890846252441e-01
1.918999999761581421e-01 6.165000200271606445e-01 2.630621492862701416e-01 7.995101213455200195e-01
3.147000074386596680e-01 9.473000168800354004e-01 2.004828155040740967e-01 8.418762683868408203e-01
3.156999945640563965e-01 8.090999722480773926e-01 2.135029286146163940e-01 8.184874057769775391e-01
3.043000102043151855e-01 9.790999889373779297e-01 2.265598177909851074e-01 8.032578825950622559e-01
1.652999967336654663e-01 6.320999860763549805e-01 2.361696958541870117e-01 8.024619817733764648e-01
4.657000005245208740e-01 6.898999810218811035e-01 2.190999835729598999e-01 8.174438476562500000e-01
1.497000008821487427e-01 7.551000118255615234e-01 1.919969320297241211e-01 8.394116163253784180e-01
2.076999992132186890e-01 9.301000237464904785e-01 2.409095764160156250e-01 8.144346475601196289e-01
3.465000092983245850e-01 7.810999751091003418e-01 2.017084211111068726e-01 8.485540747642517090e-01
2.861000001430511475e-01 9.100999832153320312e-01 2.235224992036819458e-01 8.156617283821105957e-01
1.001000031828880310e-01 9.203000068664550781e-01 2.445934861898422241e-01 8.046231865882873535e-01
4.189000129699707031e-01 6.862999796867370605e-01 1.553682684898376465e-01 7.861699461936950684e-01
1.260999888181686401e-01 9.506999850273132324e-01 2.137254327535629272e-01 8.190625309944152832e-01
3.691000044345855713e-01 7.840999960899353027e-01 2.003786116838455200e-01 8.530632853507995605e-01
1.105000078678131104e-01 7.566999793052673340e-01 2.671755254268646240e-01 7.959823012351989746e-01
4.535000026226043701e-01 6.029000282287597656e-01 1.940595209598541260e-01 8.543806076049804688e-01
2.685000002384185791e-01 9.627000093460083008e-01 2.320190370082855225e-01 7.948939204216003418e-01
3.652999997138977051e-01 9.059000015258789062e-01 1.714385747909545898e-01 8.430219888687133789e-01
4.365000128746032715e-01 9.509000182151794434e-01 2.080833762884140015e-01 7.974542379379272461e-01
4.036999940872192383e-01 9.121000170707702637e-01 2.041523754596710205e-01 8.551459312438964844e-01
4.930999875068664551e-01 7.483000159263610840e-01 2.193289250135421753e-01 8.145830631256103516e-01
1.611000001430511475e-01 9.983000159263610840e-01 2.419270575046539307e-01 7.958159446716308594e-01
4.756999909877777100e-01 8.151000142097473145e-01 2.034496515989303589e-01 7.770295739173889160e-01
2.655000090599060059e-01 7.138999700546264648e-01 2.162101864814758301e-01 8.099201321601867676e-01
1.611000001430511475e-01 9.983000159263610840e-01 2.176761627197265625e-01 7.910672426223754883e-01
4.120999872684478760e-01 9.998999834060668945e-01 1.941268444061279297e-01 8.442598581314086914e-01
3.842999935150146484e-01 9.025000333786010742e-01 2.262531518936157227e-01 8.051273822784423828e-01
3.156999945640563965e-01 8.090999722480773926e-01 2.371536791324615479e-01 8.297779560089111328e-01
3.628999888896942139e-01 8.919000029563903809e-01 2.090634405612945557e-01 8.450699448585510254e-01
4.695000052452087402e-01 9.183000326156616211e-01 2.045160233974456787e-01 8.305305838584899902e-01
3.501000106334686279e-01 8.159000277519226074e-01 2.332619428634643555e-01 8.067371845245361328e-01
4.382999837398529053e-01 7.154999971389770508e-01 1.915004998445510864e-01 8.213874697685241699e-01
4.747000038623809814e-01 6.126999855041503906e-01 2.480062991380691528e-01 7.984945178031921387e-01
2.169000059366226196e-01 7.968999743461608887e-01 2.084473371505737305e-01 8.038697838783264160e-01
2.861000001430511475e-01 9.100999832153320312e-01 2.385676205158233643e-01 8.186407685279846191e-01
2.370999902486801147e-01 6.564999818801879883e-01 2.245544195175170898e-01 8.032838702201843262e-01
3.192999958992004395e-01 6.959000229835510254e-01 2.565306723117828369e-01 8.233050107955932617e-01
4.877000153064727783e-01 8.928999900817871094e-01 1.984282732009887695e-01 8.247728943824768066e-01
3.425000011920928955e-01 7.028999924659729004e-01 1.899350285530090332e-01 8.569805622100830078e-01
4.365000128746032715e-01 9.509000182151794434e-01 1.576748341321945190e-01 8.073061108589172363e-01
4.365000128746032715e-01 9.509000182151794434e-01 1.578791886568069458e-01 8.057423233985900879e-01
1.260999888181686401e-01 9.506999850273132324e-01 2.175950258970260620e-01 8.218833208084106445e-01
3.467000126838684082e-01 6.347000002861022949e-01 2.547835111618041992e-01 7.928965091705322266e-01
2.870999872684478760e-01 7.189000248908996582e-01 2.222539186477661133e-01 8.452337980270385742e-01
3.795000016689300537e-01 7.732999920845031738e-01 2.189589887857437134e-01 8.158314824104309082e-01
2.655000090599060059e-01 7.138999700546264648e-01 2.430554032325744629e-01 8.106963634490966797e-01
2.370999902486801147e-01 6.564999818801879883e-01 2.243863642215728760e-01 7.966856956481933594e-01
1.652999967336654663e-01 6.320999860763549805e-01 2.619591951370239258e-01 8.107379674911499023e-01
4.535000026226043701e-01 6.029000282287597656e-01 1.856731027364730835e-01 8.585698008537292480e-01
4.020999968051910400e-01 8.133000135421752930e-01 1.899659931659698486e-01 7.971947193145751953e-01
3.192999958992004395e-01 6.959000229835510254e-01 2.516607940196990967e-01 8.199636936187744141e-01
3.628999888896942139e-01 8.919000029563903809e-01 2.174609601497650146e-01 8.448237776756286621e-01
2.405000030994415283e-01 6.970999836921691895e-01 1.939483433961868286e-01 8.339533805847167969e-01
1.590999960899353027e-01 9.893000125885009766e-01 2.115745842456817627e-01 8.070027828216552734e-01
1.790999919176101685e-01 9.573000073432922363e-01 1.328065544366836548e-01 8.576357364654541016e-01
4.271000027656555176e-01 6.765000224113464355e-01 2.176323831081390381e-01 7.905155420303344727e-01
3.052999973297119141e-01 8.594999909400939941e-01 2.161770612001419067e-01 7.944590449333190918e-01
4.417000114917755127e-01 8.252999782562255859e-01 2.092990726232528687e-01 8.186026811599731445e-01
1.375000029802322388e-01 9.807000160217285156e-01 2.290234267711639404e-01 7.984103560447692871e-01
2.714999914169311523e-01 7.272999882698059082e-01 1.587637066841125488e-01 7.999038100242614746e-01
2.599000036716461182e-01 6.933000087738037109e-01 2.177969813346862793e-01 7.998152971267700195e-01
2.144999951124191284e-01 7.731000185012817383e-01 2.060308605432510376e-01 8.397710919380187988e-01
4.638999998569488525e-01 8.630999922752380371e-01 2.318887859582901001e-01 7.899022102355957031e-01
4.189000129699707031e-01 6.862999796867370605e-01 2.014651596546173096e-01 7.854636311531066895e-01
4.657000005245208740e-01 6.898999810218811035e-01 2.201191335916519165e-01 8.220782876014709473e-01
3.652999997138977051e-01 9.059000015258789062e-01 1.493874788284301758e-01 8.367512226104736328e-01
1.702999919652938843e-01 8.913000226020812988e-01 2.441002428531646729e-01 7.993988394737243652e-01
4.611000120639801025e-01 9.456999897956848145e-01 2.348543703556060791e-01 7.953563928604125977e-01
2.229000031948089600e-01 9.591000080108642578e-01 2.601911723613739014e-01 7.976534366607666016e-01
2.370999902486801147e-01 6.564999818801879883e-01 2.334920018911361694e-01 8.053583502769470215e-01
2.709000110626220703e-01 8.324999809265136719e-01 2.435072511434555054e-01 8.085195422172546387e-01
3.467000126838684082e-01 6.347000002861022949e-01 2.415257394313812256e-01 7.918312549591064453e-01
4.205000102519989014e-01 9.233000278472900391e-01 2.019955813884735107e-01 8.385263681411743164e-01
4.368999898433685303e-01 7.322999835014343262e-01 2.356736361980438232e-01 7.962329983711242676e-01
2.709000110626220703e-01 8.324999809265136719e-01 2.298187464475631714e-01 8.025255799293518066e-01
1.719000041484832764e-01 6.757000088691711426e-01 1.784362792968750000e-01 8.419747948646545410e-01
2.229000031948089600e-01 9.591000080108642578e-01 2.539579570293426514e-01 7.962707877159118652e-01
1.564999967813491821e-01 6.927000284194946289e-01 2.193814218044281006e-01 8.016381263732910156e-01
3.977000117301940918e-01 6.396999955177307129e-01 1.828286796808242798e-01 8.349516987800598145e-01
4.977000057697296143e-01 8.765000104904174805e-01 1.920793652534484863e-01 8.221306204795837402e-01
4.016999900341033936e-01 7.832999825477600098e-01 2.157541811466217041e-01 8.548983335494995117e-01
1.497000008821487427e-01 7.551000118255615234e-01 2.164187431335449219e-01 8.404832482337951660e-01
4.611000120639801025e-01 9.456999897956848145e-01 2.291174978017807007e-01 7.913967967033386230e-01
1.918999999761581421e-01 6.165000200271606445e-01 2.623642086982727051e-01 7.992169260978698730e-01
2.126999944448471069e-01 8.246999979019165039e-01 2.292120009660720825e-01 8.385400176048278809e-01
1.001000031828880310e-01 9.203000068664550781e-01 2.359960526227951050e-01 8.034464120864868164e-01
4.945000112056732178e-01 6.043000221252441406e-01 2.111124545335769653e-01 8.253772258758544922e-01
4.485000073909759521e-01 6.225000023841857910e-01 2.471202015876770020e-01 8.103359937667846680e-01
2.126999944448471069e-01 8.246999979019165039e-01 2.144921272993087769e-01 8.329136967658996582e-01
2.076999992132186890e-01 9.301000237464904785e-01 2.395669966936111450e-01 8.127467036247253418e-01
4.120999872684478760e-01 9.998999834060668945e-01 1.882631778717041016e-01 8.473525643348693848e-01
1.105000078678131104e-01 7.566999793052673340e-01 2.605716288089752197e-01 7.923802137374877930e-01
1.497000008821487427e-01 7.551000118255615234e-01 1.980372667312622070e-01 8.420503139495849609e-01
3.043000102043151855e-01 9.790999889373779297e-01 2.256982475519180298e-01 8.038094043731689453e-01
1.625000089406967163e-01 9.341000318527221680e-01 1.744657009840011597e-01 8.874471187591552734e-01
3.425000011920928955e-01 7.028999924659729004e-01 2.002171128988265991e-01 8.565856814384460449e-01
4.424999952316284180e-01 7.034999728202819824e-01 2.166274935007095337e-01 8.233832716941833496e-01
4.877000153064727783e-01 8.928999900817871094e-01 2.003180682659149170e-01 8.238165974617004395e-01
4.719000160694122314e-01 8.973000049591064453e-01 2.630937993526458740e-01 7.975167036056518555e-01
4.020999968051910400e-01 8.133000135421752930e-01 1.776119172573089600e-01 7.973898053169250488e-01
3.652999997138977051e-01 9.059000015258789062e-01 1.792745143175125122e-01 8.418227434158325195e-01
1.838999986648559570e-01 6.844999790191650391e-01 1.692183017730712891e-01 8.302747011184692383e-01
1.895000040531158447e-01 6.948999762535095215e-01 1.995236426591873169e-01 8.261083960533142090e-01
2.714999914169311523e-01 7.272999882698059082e-01 1.592391282320022583e-01 8.045697808265686035e-01
3.052999973297119141e-01 8.594999909400939941e-01 2.309085279703140259e-01 7.991569638252258301e-01
3.052999973297119141e-01 8.594999909400939941e-01 2.321585565805435181e-01 7.997984290122985840e-01
4.877000153064727783e-01 8.928999900817871094e-01 1.973608285188674927e-01 8.233269453048706055e-01
1.880999952554702759e-01 6.870999932289123535e-01 2.691307961940765381e-01 7.977761626243591309e-01
1.838999986648559570e-01 6.844999790191650391e-01 1.534189730882644653e-01 8.258215188980102539e-01
2.563000023365020752e-01 7.736999988555908203e-01 2.173196077346801758e-01 7.955273389816284180e-01
1.787000000476837158e-01 6.632999777793884277e-01 2.629164457321166992e-01 8.051417469978332520e-01
1.652999967336654663e-01 6.320999860763549805e-01 2.349862903356552124e-01 8.012057542800903320e-01
4.954999983310699463e-01 8.923000097274780273e-01 1.699786782264709473e-01 8.485912084579467773e-01
4.954999983310699463e-01 8.923000097274780273e-01 1.944404691457748413e-01 8.455335497856140137e-01
1.836999952793121338e-01 9.541000127792358398e-01 1.975883990526199341e-01 8.533165454864501953e-01
2.709000110626220703e-01 8.324999809265136719e-01 2.277574837207794189e-01 8.015606403350830078e-01
3.986999988555908203e-01 9.997000098228454590e-01 2.248927950859069824e-01 7.941182851791381836e-01
3.156999945640563965e-01 8.090999722480773926e-01 2.059758305549621582e-01 8.245275020599365234e-01
3.977000117301940918e-01 6.396999955177307129e-01 1.682265549898147583e-01 8.327361345291137695e-01
4.930999875068664551e-01 7.483000159263610840e-01 2.240706235170364380e-01 8.143789768218994141e-01
3.592999875545501709e-01 6.608999967575073242e-01 2.271211445331573486e-01 7.757241725921630859e-01
4.807000160217285156e-01 7.032999992370605469e-01 2.084592729806900024e-01 8.271442055702209473e-01
4.747000038623809814e-01 6.126999855041503906e-01 2.444881945848464966e-01 7.987107038497924805e-01
1.498999893665313721e-01 6.010999679565429688e-01 2.354642003774642944e-01 7.787845730781555176e-01
1.001000031828880310e-01 9.203000068664550781e-01 2.371356487274169922e-01 8.022868037223815918e-01
3.977000117301940918e-01 6.396999955177307129e-01 1.791790723800659180e-01 8.351137042045593262e-01
2.126999944448471069e-01 8.246999979019165039e-01 2.097768336534500122e-01 8.342642188072204590e-01
1.105000078678131104e-01 7.566999793052673340e-01 2.554039061069488525e-01 7.900558710098266602e-01
2.265000045299530029e-01 8.544999957084655762e-01 2.402475774288177490e-01 8.059100508689880371e-01
2.926999926567077637e-01 8.414999842643737793e-01 1.631366908550262451e-01 8.165280222892761230e-01
3.465000092983245850e-01 7.810999751091003418e-01 1.948304623365402222e-01 8.415821194648742676e-01
1.001000031828880310e-01 9.203000068664550781e-01 2.599599063396453857e-01 8.101066946983337402e-01
2.926999926567077637e-01 8.414999842643737793e-01 2.006606757640838623e-01 8.188558220863342285e-01
3.165000081062316895e-01 7.494999766349792480e-01 2.168186753988265991e-01 8.263196945190429688e-01
4.945000112056732178e-01 6.043000221252441406e-01 2.118095308542251587e-01 8.249422311782836914e-01
2.563000023365020752e-01 7.736999988555908203e-01 2.119548171758651733e-01 7.974351644515991211e-01
1.838999986648559570e-01 6.844999790191650391e-01 1.582572460174560547e-01 8.322079181671142578e-01
4.977000057697296143e-01 8.765000104904174805e-01 1.949367076158523560e-01 8.225057125091552734e-01
4.485000073909759521e-01 6.225000023841857910e-01 2.305620759725570679e-01 8.108398318290710449e-01
2.685000002384185791e-01 9.627000093460083008e-01 2.548229396343231201e-01 7.997549772262573242e-01
1.880999952554702759e-01 6.870999932289123535e-01 2.510635554790496826e-01 7.924987077713012695e-01
1.625000089406967163e-01 9.341000318527221680e-01 1.760953068733215332e-01 8.761268258094787598e-01
4.598999917507171631e-01 7.010999917984008789e-01 1.796753108501434326e-01 8.440459370613098145e-01
2.144999951124191284e-01 7.731000185012817383e-01 2.006856352090835571e-01 8.449735045433044434e-01
1.611000001430511475e-01 9.983000159263610840e-01 2.152922302484512329e-01 7.845496535301208496e-01
2.563000023365020752e-01 7.736999988555908203e-01 2.262815982103347778e-01 7.945691943168640137e-01
4.368999898433685303e-01 7.322999835014343262e-01 2.369178533554077148e-01 7.968363761901855469e-01
2.985000014305114746e-01 7.493000030517578125e-01 1.608328521251678467e-01 8.590192794799804688e-01
1.625000089406967163e-01 9.341000318527221680e-01 1.741236746311187744e-01 8.796750903129577637e-01
1.719000041484832764e-01 6.757000088691711426e-01 1.787084639072418213e-01 8.500584959983825684e-01
3.977000117301940918e-01 6.396999955177307129e-01 1.556693762540817261e-01 8.380566239356994629e-01
4.523000121116638184e-01 8.219000101089477539e-01 2.355044186115264893e-01 8.114820718765258789e-01
2.265000045299530029e-01 8.544999957084655762e-01 2.531656622886657715e-01 8.054738044738769531e-01
2.940999865531921387e-01 8.562999963760375977e-01 2.535190582275390625e-01 7.931721210479736328e-01
3.501000106334686279e-01 8.159000277519226074e-01 2.378330230712890625e-01 8.016222715377807617e-01
1.787000000476837158e-01 6.632999777793884277e-01 2.311097085475921631e-01 7.984361052513122559e-01
4.954999983310699463e-01 8.923000097274780273e-01 2.097658216953277588e-01 8.502766489982604980e-01
4.519000053405761719e-01 9.329000115394592285e-01 1.748880296945571899e-01 8.758203387260437012e-01
3.091000020503997803e-01 9.284999966621398926e-01 2.282261699438095093e-01 8.229707479476928711e-01
1.790999919176101685e-01 9.573000073432922363e-01 1.099738180637359619e-01 8.631504178047180176e-01
4.189000129699707031e-01 6.862999796867370605e-01 1.764040440320968628e-01 7.827556729316711426e-01
2.338999956846237183e-01 7.348999977111816406e-01 2.043006718158721924e-01 8.311716318130493164e-01
3.510999977588653564e-01 9.815000295639038086e-01 1.955857872962951660e-01 8.439751267433166504e-01
2.745000123977661133e-01 8.274999856948852539e-01 2.039823681116104126e-01 8.136901259422302246e-01
4.368999898433685303e-01 7.322999835014343262e-01 2.399302423000335693e-01 8.031678795814514160e-01
4.424999952316284180e-01 7.034999728202819824e-01 1.941707879304885864e-01 8.119400143623352051e-01
1.702999919652938843e-01 8.913000226020812988e-01 2.492947429418563843e-01 8.027913570404052734e-01
2.985000014305114746e-01 7.493000030517578125e-01 1.612908691167831421e-01 8.614702820777893066e-01
1.564999967813491821e-01 6.927000284194946289e-01 2.260064482688903809e-01 7.967295646667480469e-01
4.695000052452087402e-01 9.183000326156616211e-01 1.954802125692367554e-01 8.295375704765319824e-01
3.986999988555908203e-01 9.997000098228454590e-01 2.387695163488388062e-01 7.971716523170471191e-01
4.807000160217285156e-01 7.032999992370605469e-01 2.042314261198043823e-01 8.300902247428894043e-01
4.036999940872192383e-01 9.121000170707702637e-01 2.036471962928771973e-01 8.561020493507385254e-01
3.871000111103057861e-01 6.004999876022338867e-01 2.545661330223083496e-01 8.130550980567932129e-01
4.519000053405761719e-01 9.329000115394592285e-01 1.874741613864898682e-01 8.740157485008239746e-01
4.977000057697296143e-01 8.765000104904174805e-01 2.002295404672622681e-01 8.327346444129943848e-01
2.953000068664550781e-01 6.626999974250793457e-01 1.910476684570312500e-01 7.819774150848388672e-01
4.424999952316284180e-01 7.034999728202819824e-01 2.088634073734283447e-01 8.216937780380249023e-01
3.425000011920928955e-01 7.028999924659729004e-01 1.900586783885955811e-01 8.598887324333190918e-01
1.564999967813491821e-01 6.927000284194946289e-01 2.531207203865051270e-01 8.061482310295104980e-01
2.405000030994415283e-01 6.970999836921691895e-01 1.948916465044021606e-01 8.382397294044494629e-01
2.685000002384185791e-01 9.627000093460083008e-01 2.522197663784027100e-01 8.000807762145996094e-01
1.564999967813491821e-01 6.927000284194946289e-01 2.205299586057662964e-01 8.034515976905822754e-01
4.598999917507171631e-01 7.010999917984008789e-01 2.095461934804916382e-01 8.422783017158508301e-01
4.417000114917755127e-01 8.252999782562255859e-01 2.075329720973968506e-01 8.139156699180603027e-01
2.985000014305114746e-01 7.493000030517578125e-01 1.835145950317382812e-01 8.689795136451721191e-01
2.940999865531921387e-01 8.562999963760375977e-01 2.504333257675170898e-01 7.907122969627380371e-01
4.120999872684478760e-01 9.998999834060668945e-01 1.946206390857696533e-01 8.523006439208984375e-01
2.940999865531921387e-01 8.562999963760375977e-01 2.681195437908172607e-01 7.989462614059448242e-01
2.763000130653381348e-01 7.106999754905700684e-01 2.278891652822494507e-01 7.874969840049743652e-01
4.519000053405761719e-01 9.329000115394592285e-01 2.016784548759460449e-01 8.674396276473999023e-01
3.174999952316284180e-01 7.330999970436096191e-01 1.844189018011093140e-01 8.612967729568481445e-01
2.763000130653381348e-01 7.106999754905700684e-01 2.412457317113876343e-01 7.909725904464721680e-01
2.229000031948089600e-01 9.591000080108642578e-01 2.732403278350830078e-01 8.030657768249511719e-01
4.719000160694122314e-01 8.973000049591064453e-01 2.668811380863189697e-01 7.997288703918457031e-01
2.655000090599060059e-01 7.138999700546264648e-01 2.104988396167755127e-01 8.136256933212280273e-01
3.156999945640563965e-01 8.090999722480773926e-01 2.170625329017639160e-01 8.226397633552551270e-01
4.638999998569488525e-01 8.630999922752380371e-01 2.201317697763442993e-01 7.904698252677917480e-01
4.382999837398529053e-01 7.154999971389770508e-01 1.916044652462005615e-01 8.152468800544738770e-01
2.745000123977661133e-01 8.274999856948852539e-01 1.928142607212066650e-01 8.042180538177490234e-01
1.836999952793121338e-01 9.541000127792358398e-01 2.024388462305068970e-01 8.570874929428100586e-01
4.631000161170959473e-01 8.076999783515930176e-01 2.591418623924255371e-01 7.963603734970092773e-01
4.954999983310699463e-01 8.923000097274780273e-01 1.733115017414093018e-01 8.435896039009094238e-01
3.871000111103057861e-01 6.004999876022338867e-01 2.126920819282531738e-01 7.997812628746032715e-01
2.405000030994415283e-01 6.970999836921691895e-01 1.792131662368774414e-01 8.368785977363586426e-01
4.485000073909759521e-01 6.225000023841857910e-01 2.534042298793792725e-01 8.162383437156677246e-01
1.918999999761581421e-01 6.165000200271606445e-01 2.432623952627182007e-01 7.935839891433715820e-01
3.986999988555908203e-01 9.997000098228454590e-01 2.234452813863754272e-01 7.933986783027648926e-01
2.144999951124191284e-01 7.731000185012817383e-01 2.101467102766036987e-01 8.392069935798645020e-01
4.695000052452087402e-01 9.183000326156616211e-01 2.056579440832138062e-01 8.337487578392028809e-01
2.480999976396560669e-01 7.052999734878540039e-01 2.606717646121978760e-01 7.985342144966125488e-01
4.120999872684478760e-01 9.998999834060668945e-01 2.195862531661987305e-01 8.555043339729309082e-01
2.861000001430511475e-01 9.100999832153320312e-01 2.315827012062072754e-01 8.142635822296142578e-01
2.745000123977661133e-01 8.274999856948852539e-01 2.049348801374435425e-01 8.109012246131896973e-01
4.756999909877777100e-01 8.151000142097473145e-01 2.221949398517608643e-01 7.814249396324157715e-01
4.415000081062316895e-01 6.739000082015991211e-01 2.685748934745788574e-01 7.978659868240356445e-01
1.719000041484832764e-01 6.757000088691711426e-01 1.667627394199371338e-01 8.450418114662170410e-01
3.091000020503997803e-01 9.284999966621398926e-01 2.292768508195877075e-01 8.317642211914062500e-01
4.189000129699707031e-01 6.862999796867370605e-01 1.897985190153121948e-01 7.828424572944641113e-01
4.657000005245208740e-01 6.898999810218811035e-01 2.337171137332916260e-01 8.223102688789367676e-01
1.497000008821487427e-01 7.551000118255615234e-01 1.919220238924026489e-01 8.449620604515075684e-01
2.144999951124191284e-01 7.731000185012817383e-01 1.932357698678970337e-01 8.378037810325622559e-01
4.756999909877777100e-01 8.151000142097473145e-01 2.277396470308303833e-01 7.829208970069885254e-01
2.405000030994415283e-01 6.970999836921691895e-01 1.792544126510620117e-01 8.375123739242553711e-01
1.498999893665313721e-01 6.010999679565429688e-01 2.494091242551803589e-01 7.825974225997924805e-01
2.370999902486801147e-01 6.564999818801879883e-01 2.248910069465637207e-01 8.005623817443847656e-01
2.861000001430511475e-01 9.100999832153320312e-01 2.300413846969604492e-01 8.164951205253601074e-01
2.851000130176544189e-01 7.091000080108642578e-01 2.351857870817184448e-01 8.225893378257751465e-01
4.638999998569488525e-01 8.630999922752380371e-01 2.254858464002609253e-01 7.894458770751953125e-01
1.895000040531158447e-01 6.948999762535095215e-01 2.163951694965362549e-01 8.290162682533264160e-01
1.719000041484832764e-01 6.757000088691711426e-01 1.911236792802810669e-01 8.391551971435546875e-01
2.953000068664550781e-01 6.626999974250793457e-01 1.818476170301437378e-01 7.811254262924194336e-01
4.519000053405761719e-01 9.329000115394592285e-01 1.980743855237960815e-01 8.666807413101196289e-01
1.895000040531158447e-01 6.948999762535095215e-01 2.165660709142684937e-01 8.297793269157409668e-01
1.105000078678131104e-01 7.566999793052673340e-01 2.533515095710754395e-01 7.905147075653076172e-01
2.714999914169311523e-01 7.272999882698059082e-01 1.438477933406829834e-01 7.979333400726318359e-01
4.945000112056732178e-01 6.043000221252441406e-01 2.068600803613662720e-01 8.264981508255004883e-01
3.871000111103057861e-01 6.004999876022338867e-01 2.321844249963760376e-01 8.035156130790710449e-01
1.790999919176101685e-01 9.573000073432922363e-01 1.016455367207527161e-01 8.741636276245117188e-01
1.260999888181686401e-01 9.506999850273132324e-01 2.250769138336181641e-01 8.273171782493591309e-01
4.523000121116638184e-01 8.219000101089477539e-01 2.097425460815429688e-01 8.028150796890258789e-01
2.599000036716461182e-01 6.933000087738037109e-01 1.891740858554840088e-01 7.953903079032897949e-01
4.807000160217285156e-01 7.032999992370605469e-01 2.016218751668930054e-01 8.213012218475341797e-01
1.611000001430511475e-01 9.983000159263610840e-01 2.248241156339645386e-01 7.944378852844238281e-01
4.535000026226043701e-01 6.029000282287597656e-01 1.694921106100082397e-01 8.517609834671020508e-01
1.652999967336654663e-01 6.320999860763549805e-01 2.553835809230804443e-01 8.063933253288269043e-01
2.169000059366226196e-01 7.968999743461608887e-01 2.196812927722930908e-01 8.069508075714111328e-01
2.870999872684478760e-01 7.189000248908996582e-01 1.891465485095977783e-01 8.437303304672241211e-01
3.592999875545501709e-01 6.608999967575073242e-01 2.283751219511032104e-01 7.774265408515930176e-01
2.076999992132186890e-01 9.301000237464904785e-01 2.322298735380172729e-01 8.110002279281616211e-01
2.851000130176544189e-01 7.091000080108642578e-01 2.510201930999755859e-01 8.262236714363098145e-01
4.535000026226043701e-01 6.029000282287597656e-01 1.594189852476119995e-01 8.533378243446350098e-01
2.851000130176544189e-01 7.091000080108642578e-01 2.496575564146041870e-01 8.239153623580932617e-01
3.986999988555908203e-01 9.997000098228454590e-01 2.354157567024230957e-01 8.002998828887939453e-01
1.918999999761581421e-01 6.165000200271606445e-01 2.644535005092620850e-01 7.997968196868896484e-01
4.368999898433685303e-01 7.322999835014343262e-01 2.375978380441665649e-01 7.975745201110839844e-01
4.695000052452087402e-01 9.183000326156616211e-01 2.091341018676757812e-01 8.278154730796813965e-01
4.756999909877777100e-01 8.151000142097473145e-01 2.003024667501449585e-01 7.769724130630493164e-01
3.467000126838684082e-01 6.347000002861022949e-01 2.485469728708267212e-01 7.905911207199096680e-01
3.652999997138977051e-01 9.059000015258789062e-01 1.741402149200439453e-01 8.479304909706115723e-01
4.523000121116638184e-01 8.219000101089477539e-01 2.018896192312240601e-01 8.024438619613647461e-01
1.590999960899353027e-01 9.893000125885009766e-01 2.173616737127304077e-01 8.119983077049255371e-01
2.599000036716461182e-01 6.933000087738037109e-01 2.051596939563751221e-01 7.997914552688598633e-01
4.382999837398529053e-01 7.154999971389770508e-01 2.055479288101196289e-01 8.182668089866638184e-01
2.338999956846237183e-01 7.348999977111816406e-01 2.111654579639434814e-01 8.288419842720031738e-01
3.795000016689300537e-01 7.732999920845031738e-01 2.348098009824752808e-01 8.165364861488342285e-01
3.465000092983245850e-01 7.810999751091003418e-01 2.161556035280227661e-01 8.470941185951232910e-01
2.763000130653381348e-01 7.106999754905700684e-01 2.505617141723632812e-01 7.936017513275146484e-01
4.382999837398529053e-01 7.154999971389770508e-01 2.059831768274307251e-01 8.207380175590515137e-01
4.415000081062316895e-01 6.739000082015991211e-01 2.588112056255340576e-01 7.968972325325012207e-01
3.165000081062316895e-01 7.494999766349792480e-01 2.242639809846878052e-01 8.231928348541259766e-01
3.842999935150146484e-01 9.025000333786010742e-01 2.467846274375915527e-01 8.128530383110046387e-01
4.036999940872192383e-01 9.121000170707702637e-01 1.907860785722732544e-01 8.548107743263244629e-01
4.415000081062316895e-01 6.739000082015991211e-01 2.733822762966156006e-01 7.994299530982971191e-01
4.036999940872192383e-01 9.121000170707702637e-01 2.004729956388473511e-01 8.643620014190673828e-01
3.842999935150146484e-01 9.025000333786010742e-01 2.395030707120895386e-01 8.092501163482666016e-01
3.510999977588653564e-01 9.815000295639038086e-01 1.946741938591003418e-01 8.495135903358459473e-01
3.043000102043151855e-01 9.790999889373779297e-01 2.338666021823883057e-01 8.045447468757629395e-01
4.631000161170959473e-01 8.076999783515930176e-01 2.486949265003204346e-01 7.941482663154602051e-01
4.271000027656555176e-01 6.765000224113464355e-01 2.263317853212356567e-01 7.928193807601928711e-01
3.592999875545501709e-01 6.608999967575073242e-01 2.498790770769119263e-01 7.842427492141723633e-01
1.895000040531158447e-01 6.948999762535095215e-01 2.179101258516311646e-01 8.303852081298828125e-01
1.702999919652938843e-01 8.913000226020812988e-01 2.398495078086853027e-01 7.989597916603088379e-01
4.598999917507171631e-01 7.010999917984008789e-01 1.883786618709564209e-01 8.414880037307739258e-01
1.880999952554702759e-01 6.870999932289123535e-01 2.432464659214019775e-01 7.914462089538574219e-01
3.842999935150146484e-01 9.025000333786010742e-01 2.288983911275863647e-01 8.055499196052551270e-01
4.930999875068664551e-01 7.483000159263610840e-01 2.235125899314880371e-01 8.143292665481567383e-01
2.076999992132186890e-01 9.301000237464904785e-01 2.493334114551544189e-01 8.173993825912475586e-01
1.843000054359436035e-01 7.267000079154968262e-01 2.337414026260375977e-01 7.954768538475036621e-01
4.016999900341033936e-01 7.832999825477600098e-01 1.904915869235992432e-01 8.504014015197753906e-01
4.719000160694122314e-01 8.973000049591064453e-01 2.805980741977691650e-01 8.045323491096496582e-01
1.790999919176101685e-01 9.573000073432922363e-01 8.672705292701721191e-02 8.402142524719238281e-01
4.020999968051910400e-01 8.133000135421752930e-01 2.084470987319946289e-01 8.005585670471191406e-01
3.592999875545501709e-01 6.608999967575073242e-01 2.182159721851348877e-01 7.746539115905761719e-01
3.465000092983245850e-01 7.810999751091003418e-01 2.128741145133972168e-01 8.376145958900451660e-01
4.930999875068664551e-01 7.483000159263610840e-01 2.278961390256881714e-01 8.199760913848876953e-01
3.871000111103057861e-01 6.004999876022338867e-01 2.117509096860885620e-01 8.023183345794677734e-01
2.926999926567077637e-01 8.414999842643737793e-01 1.702408194541931152e-01 8.282736539840698242e-01
3.501000106334686279e-01 8.159000277519226074e-01 2.391289174556732178e-01 8.012089729309082031e-01
1.836999952793121338e-01 9.541000127792358398e-01 1.982475072145462036e-01 8.570680022239685059e-01
1.880999952554702759e-01 6.870999932289123535e-01 2.725999951362609863e-01 8.005302548408508301e-01
2.709000110626220703e-01 8.324999809265136719e-01 2.341180145740509033e-01 8.062993884086608887e-01
4.523000121116638184e-01 8.219000101089477539e-01 2.122545540332794189e-01 8.021792769432067871e-01
2.745000123977661133e-01 8.274999856948852539e-01 1.960548311471939087e-01 8.068161010742187500e-01
3.174999952316284180e-01 7.330999970436096191e-01 1.950791478157043457e-01 8.601988554000854492e-01
